0.000000000000000000e+00
0.000000000000000000e+00
0.000000000000000000e+00
0.000000000000000000e+00
0.000000000000000000e+00
0.000000000000000000e+00
0.000000000000000000e+00
0.000000000000000000e+00
0.000000000000000000e+00
0.000000000000000000e+00
0.000000000000000000e+00
0.000000000000000000e+00
0.000000000000000000e+00
0.000000000000000000e+00
0.000000000000000000e+00
0.000000000000000000e+00
1.098125882973147100e+03
0.000000000000000000e+00
0.000000000000000000e+00
5.397357855053869076e+06
0.000000000000000000e+00
2.174143469571625964e+00
0.000000000000000000e+00
0.000000000000000000e+00
0.000000000000000000e+00
0.000000000000000000e+00
0.000000000000000000e+00
0.000000000000000000e+00
0.000000000000000000e+00
0.000000000000000000e+00
3.713774986209656112e+06
0.000000000000000000e+00
0.000000000000000000e+00
0.000000000000000000e+00
1.793856645103967695e+00
2.121024680620829109e+06
3.548059547768607736e+06
0.000000000000000000e+00
0.000000000000000000e+00
0.000000000000000000e+00
0.000000000000000000e+00
0.000000000000000000e+00
2.341050321498529030e+01
0.000000000000000000e+00
3.355021571436031722e+06
0.000000000000000000e+00
0.000000000000000000e+00
1.241103557713802275e+01
0.000000000000000000e+00
0.000000000000000000e+00
0.000000000000000000e+00
0.000000000000000000e+00
0.000000000000000000e+00
0.000000000000000000e+00
0.000000000000000000e+00
0.000000000000000000e+00
0.000000000000000000e+00
0.000000000000000000e+00
0.000000000000000000e+00
0.000000000000000000e+00
0.000000000000000000e+00
0.000000000000000000e+00
0.000000000000000000e+00
0.000000000000000000e+00
0.000000000000000000e+00
0.000000000000000000e+00
0.000000000000000000e+00
0.000000000000000000e+00
0.000000000000000000e+00
0.000000000000000000e+00
6.222038980644511952e+01
0.000000000000000000e+00
9.151942991781573743e+06
3.594938591289230434e+00
2.151782552478591353e+07
0.000000000000000000e+00
1.827055997166410834e+07
0.000000000000000000e+00
0.000000000000000000e+00
5.692753515193105329e+01
0.000000000000000000e+00
0.000000000000000000e+00
0.000000000000000000e+00
2.514674390203999188e+00
5.888430596498123370e+06
0.000000000000000000e+00
1.716763497284359730e+01
1.296482793797945021e+01
0.000000000000000000e+00
0.000000000000000000e+00
0.000000000000000000e+00
0.000000000000000000e+00
0.000000000000000000e+00
3.854627871209533513e+07
6.446909195729126907e+00
1.057516155060026080e+02
7.453048832207070664e+06
3.991625034218077082e+06
0.000000000000000000e+00
4.740384465939370915e+06
0.000000000000000000e+00
5.161429760953386314e+06
1.985107644157231164e+02
2.593487729099933858e+00
1.856985621108266926e+01
0.000000000000000000e+00
0.000000000000000000e+00
0.000000000000000000e+00
0.000000000000000000e+00
0.000000000000000000e+00
0.000000000000000000e+00
0.000000000000000000e+00
0.000000000000000000e+00
0.000000000000000000e+00
1.200285714285714178e+01
1.137833333333333208e+01
1.185428571428571409e+01
1.194857142857142840e+01
1.144333333333333336e+01
1.169285714285714128e+01
1.190285714285714214e+01
1.151099999999999923e+01
1.104083333333333350e+01
1.188857142857142790e+01
1.127923076923076806e+01
1.175857142857142890e+01
1.151125000000000043e+01
1.100692307692307637e+01
1.142500000000000071e+01
1.188499999999999979e+01
1.156250000000000000e+01
1.109615384615384670e+01
1.165125000000000099e+01
1.178571428571428648e+01
1.130000000000000071e+01
1.155285714285714427e+01
1.109615384615384670e+01
1.185400000000000098e+01
1.211500000000000021e+01
1.194428571428571395e+01
1.154357142857142726e+01
1.158428571428571452e+01
1.115461538461538460e+01
1.179250000000000043e+01
1.122571428571428598e+01
1.167857142857142883e+01
1.177999999999999936e+01
1.169888888888888978e+01
1.105461538461538495e+01
1.146571428571428619e+01
1.122166666666666579e+01
1.164285714285714235e+01
1.184222222222222243e+01
