123 85 122
61 94 110
9 10 2
83 100 119
81 37 99
111 112 95
89 85 99
3 1 8
12 137 8
89 26 106
20 105 106
8 1 6
1 0 6
14 82 137
147 10 9
128 129 151
160 148 159
93 108 109
151 129 28
139 108 93
124 94 57
122 85 92
33 84 36
121 105 20
171 170 22
142 86 38
105 121 160
37 32 99
34 151 28
4 137 82
81 98 76
146 147 17
65 110 60
14 18 82
130 114 95
4 3 137
174 96 140
5 161 162
172 18 170
85 98 99
83 86 100
75 80 96
16 80 19
13 96 80
7 140 11
186 120 88
21 19 80
83 120 101
174 75 96
79 104 100
150 127 149
48 108 139
13 11 96
118 126 44
29 26 89
35 101 30
92 128 122
102 83 87
27 88 102
104 79 155
35 38 86
84 90 74
101 35 86
33 90 84
98 81 99
21 80 103
13 80 16
53 51 138
98 85 123
99 32 29
39 37 81
29 89 99
130 125 185
42 163 179
123 122 178
169 168 116
142 41 157
70 72 73
62 111 58
126 47 44
166 163 165
186 30 101
115 117 81
31 27 87
111 114 58
41 45 157
126 77 127
20 106 26
134 143 64
106 92 89
91 92 105
68 134 64
81 76 115
24 88 27
132 59 68
134 55 149
53 124 57
84 74 136
68 59 134
70 66 133
97 118 117
111 62 112
92 106 105
161 4 82
139 45 48
81 117 39
48 52 108
127 77 145
75 103 80
79 142 157
120 102 88
87 90 31
84 43 40
46 43 136
11 140 96
103 88 24
136 135 46
186 103 75
56 94 109
33 31 90
65 67 110
101 120 186
85 89 92
61 57 94
115 116 97
66 70 73
110 94 60
67 65 69
90 87 119
53 138 124
41 142 38
61 110 67
71 67 69
24 21 103
60 94 56
154 46 135
104 90 119
52 109 108
86 83 101
74 90 104
121 20 15
84 40 36
52 56 109
27 102 87
62 63 112
114 113 58
63 143 112
112 143 144
125 130 145
114 111 95
113 114 185
116 115 76
115 97 117
164 123 178
125 168 169
97 167 118
39 117 44
118 77 126
44 117 118
83 119 87
104 119 100
102 120 83
88 103 186
15 146 121
17 148 146
128 92 91
98 123 76
107 178 122
107 151 180
93 109 124
124 109 94
167 125 145
166 169 116
144 127 145
50 47 126
149 127 78
50 126 127
128 91 129
107 122 128
91 160 159
152 28 129
130 95 145
185 125 169
175 176 177
162 141 5
132 133 66
133 132 68
55 134 153
143 134 78
155 74 104
135 156 138
84 136 43
136 74 155
8 137 3
14 137 12
135 138 51
124 138 93
93 156 139
156 155 139
7 141 140
131 173 174
5 141 7
131 140 141
79 100 142
142 100 86
64 143 63
144 143 78
127 144 78
95 112 144
77 167 145
95 144 145
146 15 10
158 23 159
158 159 148
10 147 146
121 146 148
134 149 78
127 150 50
180 151 34
149 55 150
128 151 107
155 79 157
159 152 129
134 59 153
135 51 154
136 155 135
138 156 93
155 156 135
45 139 157
155 157 139
152 159 23
148 17 158
91 159 129
105 160 91
121 148 160
172 162 82
162 161 82
141 162 131
165 181 49
123 164 76
42 182 163
116 76 164
184 169 183
116 164 166
163 166 164
166 165 183
118 167 77
168 97 116
125 167 168
97 168 167
49 183 165
169 184 185
175 171 22
171 172 170
131 162 172
172 82 18
131 172 171
131 171 175
177 186 187
131 174 140
174 173 187
177 176 25
131 175 173
177 25 186
175 22 176
173 175 177
180 178 107
164 178 163
34 179 180
163 178 180
163 180 179
42 181 182
182 165 163
165 182 181
184 54 185
166 183 169
113 185 54
183 49 184
130 185 114
186 75 187
186 25 30
174 187 75
177 187 173
