5.000e+00 2.083e+01
6.690e+00 2.429e+01
7.102e+00 1.836e+01
8.092e+00 2.908e+01
8.834e+00 3.551e+01
9.988e+00 4.334e+01
1.015e+01 2.157e+01
1.188e+01 5.043e+01
1.311e+01 2.303e+01
1.362e+01 1.588e+01
1.444e+01 1.976e+01
1.494e+01 5.802e+01
1.601e+01 2.504e+01
1.757e+01 6.288e+01
2.000e+01 2.795e+01
2.029e+01 2.231e+01
2.112e+01 6.667e+01
2.194e+01 1.102e+01
2.351e+01 3.155e+01
2.483e+01 6.849e+01
2.763e+01 2.685e+01
2.846e+01 6.997e+01
2.895e+01 3.988e+01
3.002e+01 7.144e+00
3.274e+01 6.972e+01
3.439e+01 4.771e+01
3.472e+01 3.089e+01
3.777e+01 6.956e+01
3.802e+01 5.000e+00
3.876e+01 3.336e+01
4.019e+01 4.903e+01
4.140e+01 7.220e+01
4.316e+01 3.468e+01
4.429e+01 7.566e+01
4.544e+01 5.000e+00
4.712e+01 5.028e+01
4.783e+01 7.863e+01
4.841e+01 3.584e+01
5.097e+01 5.340e+01
5.229e+01 3.683e+01
5.270e+01 7.995e+01
5.511e+01 5.612e+01
5.525e+01 6.484e+00
5.616e+01 7.995e+01
5.682e+01 3.963e+01
5.896e+01 5.727e+01
6.226e+01 7.822e+01
6.276e+01 4.433e+01
6.540e+01 5.678e+01
6.622e+01 1.044e+01
6.630e+01 4.565e+01
6.845e+01 7.500e+01
7.166e+01 5.628e+01
7.397e+01 7.170e+01
7.488e+01 1.514e+01
7.686e+01 4.870e+01
7.773e+01 5.578e+01
7.949e+01 6.807e+01
8.312e+01 2.240e+01
8.365e+01 5.234e+01
8.439e+01 5.673e+01
8.494e+01 6.519e+01
8.626e+01 2.784e+01
8.865e+01 3.666e+01
8.898e+01 4.103e+01
8.941e+01 5.873e+01
8.953e+01 5.606e+01
9.071e+01 6.362e+01
9.112e+01 4.721e+01
9.217e+01 6.090e+01
9.351e+01 5.505e+01
9.458e+01 6.354e+01
9.500e+01 6.032e+01
9.148e+01 5.758e+01
5.443e+01 7.062e+01
2.786e+01 5.759e+01
5.301e+01 2.589e+01
6.808e+01 3.544e+01
7.955e+01 3.954e+01
5.503e+01 6.338e+01
2.533e+01 6.275e+01
5.163e+01 3.129e+01
1.653e+01 3.485e+01
4.247e+01 5.993e+01
5.146e+01 7.489e+01
4.359e+01 2.525e+01
4.594e+01 5.565e+01
4.302e+01 6.616e+01
3.502e+01 6.225e+01
3.919e+01 2.812e+01
4.828e+01 6.952e+01
3.529e+01 1.734e+01
3.851e+01 2.227e+01
6.916e+01 6.454e+01
7.964e+01 6.178e+01
7.643e+01 2.987e+01
2.139e+01 5.763e+01
6.053e+01 3.069e+01
4.817e+01 2.753e+01
4.408e+01 3.000e+01
4.879e+01 6.152e+01
4.038e+01 5.468e+01
3.944e+01 6.333e+01
3.014e+01 6.190e+01
5.195e+01 6.677e+01
3.233e+01 2.279e+01
3.503e+01 2.639e+01
4.468e+01 1.472e+01
6.880e+01 5.992e+01
7.416e+01 6.120e+01
8.388e+01 6.101e+01
8.101e+01 2.724e+01
8.295e+01 3.347e+01
7.900e+01 1.877e+01
7.606e+01 2.394e+01
5.598e+01 2.953e+01
6.003e+01 2.319e+01
5.713e+01 3.452e+01
6.253e+01 3.589e+01
4.719e+01 6.543e+01
3.799e+01 5.867e+01
2.639e+01 2.066e+01
4.331e+01 1.990e+01
4.890e+01 2.171e+01
7.405e+01 6.645e+01
6.874e+01 2.737e+01
6.566e+01 4.003e+01
7.264e+01 4.078e+01
4.005e+01 1.627e+01
3.639e+01 1.111e+01
7.308e+01 2.710e+01
1.999e+01 4.446e+01
8.659e+01 5.420e+01
9.232e+01 5.113e+01
8.476e+01 4.596e+01
6.217e+01 7.048e+01
5.799e+01 7.478e+01
1.240e+01 3.184e+01
6.908e+01 6.979e+01
6.263e+01 6.291e+01
1.784e+01 5.244e+01
1.612e+01 4.770e+01
5.273e+01 5.972e+01
8.410e+01 3.810e+01
7.802e+01 3.470e+01
7.295e+01 3.369e+01
2.207e+01 1.681e+01
1.778e+01 1.345e+01
2.824e+01 1.378e+01
7.672e+01 4.369e+01
7.158e+01 4.717e+01
4.173e+01 9.261e+00
3.402e+01 6.072e+00
8.025e+01 5.052e+01
6.535e+01 7.661e+01
5.824e+01 6.729e+01
6.511e+01 6.686e+01
5.873e+01 6.144e+01
2.598e+01 9.081e+00
3.191e+01 1.121e+01
3.049e+01 1.807e+01
9.411e+00 3.942e+01
1.518e+01 4.057e+01
5.298e+01 1.448e+01
5.464e+01 2.018e+01
6.050e+01 1.539e+01
5.872e+01 1.920e+01
6.550e+01 3.117e+01
6.382e+01 2.646e+01
6.770e+01 1.926e+01
2.623e+01 3.571e+01
2.358e+01 4.042e+01
1.934e+01 3.854e+01
2.533e+01 5.018e+01
2.218e+01 5.328e+01
2.674e+01 4.489e+01
3.167e+01 4.379e+01
2.975e+01 4.853e+01
4.890e+01 1.694e+01
5.035e+01 5.742e+00
4.719e+01 1.003e+01
6.074e+01 8.463e+00
5.665e+01 1.120e+01
6.528e+01 1.513e+01
7.055e+01 1.279e+01
7.283e+01 1.989e+01
3.336e+01 5.412e+01
2.888e+01 5.310e+01
